    -4.30   -3.28   -1.03    0.69    1.18    0.48    0.17    2.05    5.05    2.47    4.20   10.14   17.71   35.42   46.96   54.79   58.24   63.12  100.00  100.00  100.00
   11.309  10.689  10.148  10.266  11.848  13.286  13.406  11.826  11.897  12.735  13.309  14.139  15.250  19.393  24.170  34.355  35.632  38.735 100.000 100.000 100.000
    -0.86    0.46    0.32   -0.13   -0.19   -0.17   -0.22    0.03   -0.21   -0.29    0.44    0.48    0.98    0.91    0.99   -1.77   -1.71   -0.80    0.03    0.00    0.00
    2.666   1.821   1.583   1.141   1.042   0.913   1.127   1.472   1.230   0.881   0.857   0.893   0.983   1.130   1.351   1.876   1.731   1.719   2.830   2.900   2.900
    -6.26   -6.75   -6.59   -7.47   -7.49   -6.96   -7.08   -5.84   -4.79   -6.29   -5.47   -3.14    0.80    6.69   11.01   22.67   49.71   67.03   95.83   99.48   98.34
   13.317  11.645  10.921  10.938  12.511  13.803  14.083  14.151  14.728  15.364  17.891  19.492  22.696  31.362  38.373  54.177  61.854  58.777  86.138  97.038  99.003
    -1.36   -0.99   -0.66   -0.61   -0.13    0.03   -0.05   -0.19   -0.30   -0.31    0.05    0.15    0.32   -0.02    0.24   -0.60   -0.56    0.22   -0.15   -0.15   -0.03
    1.746   1.848   1.693   1.219   1.163   0.945   1.157   1.228   1.402   1.358   1.302   1.419   1.404   1.497   1.746   2.543   2.216   2.314   2.425   2.802   2.872
    -3.26   -3.17   -1.98   -0.70    1.49    0.53   -1.60   -3.59   -5.29   -6.99   -2.54   -0.61    0.37   -2.91   -1.30    5.55   19.98   98.25  100.00  100.00  100.00
   14.937  11.719   9.926   9.423  10.479  11.147  12.918  14.036  15.197  18.162  23.206  23.690  29.150  35.772  39.305  44.373  53.623  88.054 100.000 100.000 100.000
    -2.29   -1.18   -0.72   -0.37   -0.03   -0.15   -0.34   -0.38   -0.33   -0.40    0.14   -0.66   -0.32   -0.34    0.31   -1.25   -0.59    0.36    0.00    0.00    0.00
    1.749   1.540   1.457   1.237   1.009   0.842   0.832   0.858   1.168   1.432   1.548   1.588   1.539   1.726   1.798   2.758   2.148   2.551   2.900   2.900   2.900
     1.64    1.96    3.41    7.63    9.06   10.80   10.05    7.81    5.50    5.47   21.32   32.11   36.16   31.75   42.72   62.41  101.18  102.43  100.00  100.00  100.00
   11.674   9.688   9.629   9.822  10.176  10.998  13.091  15.349  17.050  19.218  22.876  24.499  28.012  36.418  38.026  56.025  74.050  84.331 100.000 100.000 100.000
    -3.76   -2.50   -1.46   -0.66   -0.26    0.25   -0.21   -0.04   -0.04    0.32    0.46    0.19   -0.38   -0.79    0.16    0.63   -0.09   -0.20   -0.06    0.00    0.00
    1.553   1.311   0.962   0.879   0.758   0.839   0.807   0.751   0.884   1.128   1.643   1.812   1.588   1.758   1.718   1.834   2.217   2.435   2.886   2.900   2.900
     2.47    2.78    2.78    4.22    6.50    8.58   10.49    9.52   10.93   16.92   32.60   37.07   45.96   43.61   38.03   48.13  100.00  100.00  100.00  100.00  100.00
    8.235   7.307   6.906   8.416  10.663  12.247  15.604  16.876  18.363  21.015  25.656  29.183  33.146  39.249  48.441  75.890 100.000 100.000 100.000 100.000 100.000
    -2.61   -1.51   -1.12   -0.48    0.15    0.23    0.17   -0.16   -0.08    0.65    0.26    0.27    0.02   -0.97   -0.24   -0.11    0.00    0.00    0.00    0.00    0.00
    1.326   1.270   1.296   1.084   0.986   0.979   1.065   1.171   1.381   1.336   1.304   1.340   1.276   1.428   1.657   2.683   2.900   2.900   2.900   2.900   2.900
     1.61    0.65    1.77    4.06    6.46    7.99   11.34   14.94   19.52   20.82   24.65   29.41   35.85   42.64   37.72   51.63  100.00  100.00  100.00  100.00  100.00
    9.524   7.616   7.259   8.407  10.880  12.673  14.578  16.074  17.619  20.820  26.203  29.024  30.278  37.052  47.626  84.716 100.000 100.000 100.000 100.000 100.000
    -2.39   -1.16   -0.51   -0.16   -0.09    0.18    0.34    0.46    0.24   -0.08    0.16    0.28    0.35   -0.55   -0.26    0.05    0.00    0.00    0.00    0.00    0.00
    1.437   1.159   1.167   1.012   0.811   0.865   0.897   1.123   1.113   1.010   1.028   1.077   1.183   1.333   1.971   2.872   2.900   2.900   2.900   2.900   2.900
     1.01   -0.32    0.65    2.47    5.07    7.15   10.07   11.76   14.56   16.96   23.04   25.48   30.51   41.30   41.31   46.44  100.00  100.00  100.00  100.00  100.00
   13.823  10.869   9.789  11.398  14.989  17.391  20.750  23.475  27.920  34.150  43.404  46.089  46.760  53.918  60.547  82.620 100.000 100.000 100.000 100.000 100.000
    -2.89   -1.74   -1.08   -0.42   -0.02    0.06    0.11    0.30    0.13    0.01   -0.10   -0.07   -0.12   -0.12   -0.24   -0.11    0.00    0.00    0.00    0.00    0.00
    1.886   1.617   1.523   1.418   1.062   1.164   1.264   1.525   1.527   1.426   1.532   1.631   1.742   1.660   2.050   2.816   2.900   2.900   2.900   2.900   2.900
     0.64    0.71    2.34    3.62    4.68    5.02    6.43    8.66   12.06    8.96   10.85   17.30   27.42   44.77   61.65   64.60  100.00  100.00  100.00  100.00  100.00
    8.992   8.399   8.068   8.375  10.022  12.056  13.716  14.238  15.414  17.190  20.925  23.303  27.143  32.159  35.082  36.321 100.000 100.000 100.000 100.000 100.000
    -1.02   -0.06   -0.06   -0.05   -0.07    0.08   -0.07    0.09   -0.22   -0.21    0.37    0.85    1.05    1.12    1.23   -1.98   -0.22   -0.07    0.06    0.00    0.00
    1.963   1.436   1.308   1.034   0.964   0.971   1.152   1.335   1.186   0.890   0.888   0.881   0.911   1.022   1.337   1.503   2.597   2.624   2.739   2.900   2.900
     0.96    2.13    3.15    5.11    8.27    8.85   10.14   12.31   15.41   17.33   21.26   26.10   32.75   43.72   49.61   33.93  100.33  100.41  100.00  100.00  100.00
    8.654   7.408   7.309   8.271  10.630  12.707  15.031  16.388  17.343  19.973  21.734  23.153  25.188  32.426  40.325  45.601  99.500  99.500 100.000 100.000 100.000
    -0.84   -0.17   -0.21   -0.09    0.07    0.10    0.00    0.03   -0.04    0.27    0.45    0.56    0.64    0.46    0.59   -2.96   -0.26    0.31    0.08    0.00    0.00
    1.949   1.612   1.212   0.975   0.868   0.848   1.005   1.181   1.323   1.110   1.119   1.289   1.293   1.451   1.634   2.185   2.112   2.222   2.865   2.900   2.900
     1.44    1.67    2.75    5.21    9.30   10.11    9.75    9.02    8.74   12.85   24.41   25.27   23.86   18.45   18.94   39.81   95.98   98.81  100.00  100.00  100.00
   10.196   7.707   7.302   7.939  10.738  12.479  14.491  15.296  16.493  18.946  21.555  22.801  24.556  31.127  36.870  43.211  91.834  99.003 100.000 100.000 100.000
    -2.10   -0.82   -0.44   -0.13    0.16    0.07   -0.33   -0.40   -0.10    0.65    0.19   -0.47   -0.51   -0.77    0.06   -0.07    0.12    0.05    0.00    0.00    0.00
    1.597   1.503   1.302   1.225   0.899   0.859   0.911   1.088   1.304   1.328   1.376   1.482   1.467   1.598   1.576   2.124   2.572   2.788   2.900   2.900   2.900
    -1.58    1.07    3.56    7.92   11.15   12.88   11.75   10.97   10.29   11.40   27.92   31.44   32.08   20.61   19.58   40.89   98.72   99.64  100.00  100.00  100.00
   14.829   9.901   8.653   9.180  12.161  13.952  16.434  18.812  22.062  25.292  27.694  31.096  36.297  42.947  48.018  58.815  96.794  99.750 100.000 100.000 100.000
    -3.29   -2.20   -1.07   -0.25   -0.13    0.10   -0.15   -0.02    0.07    0.34    0.17   -0.55   -0.75   -1.08   -0.40    0.19    0.00    0.00    0.00    0.00    0.00
    1.381   1.428   1.414   1.025   1.130   0.901   0.859   0.858   0.903   1.242   1.712   2.005   1.857   1.854   2.089   2.456   2.893   2.893   2.900   2.900   2.900
    -2.77   -0.34   -0.96    0.39    3.19    5.88    8.59    8.30    5.25    3.60   15.77   21.97   23.69   24.95   27.46   50.86  100.00  100.00  100.00  100.00  100.00
   12.076   8.617   7.447   7.926   9.572  10.917  12.408  13.876  14.870  16.224  17.627  18.622  20.169  23.571  31.733  84.716 100.000 100.000 100.000 100.000 100.000
    -2.61   -1.53   -0.97   -0.51    0.24    0.36    0.09   -0.35   -0.75    0.32    0.48   -0.32   -0.11   -0.75   -0.25    0.00    0.00    0.00    0.00    0.00    0.00
    1.202   1.242   1.532   1.107   0.998   0.849   0.860   0.970   1.156   1.250   1.204   1.341   1.104   1.175   1.412   2.900   2.900   2.900   2.900   2.900   2.900
    -1.71   -2.43   -1.40    0.38    2.83    6.06   11.84   15.16   19.49   21.35   28.10   32.59   37.89   45.75   44.48   51.00  100.00  100.00  100.00  100.00  100.00
    9.583   7.543   6.835   7.949  10.468  12.150  14.444  16.282  19.423  23.807  30.466  32.670  33.465  41.384  50.604  86.000 100.000 100.000 100.000 100.000 100.000
    -2.19   -1.31   -0.85   -0.36    0.12    0.32    0.47    0.44    0.18    0.00    0.30    0.04    0.02   -0.42   -0.04    0.00    0.00    0.00    0.00    0.00    0.00
    1.388   1.111   1.050   0.991   0.747   0.816   0.882   1.057   1.057   0.990   1.056   1.162   1.262   1.292   1.783   2.900   2.900   2.900   2.900   2.900   2.900
     1.59   -0.12    0.52    2.49    5.60    8.66   11.47   12.88   15.53   17.80   24.25   28.22   34.96   47.33   46.76   46.84  100.00  100.00  100.00  100.00  100.00
   14.964  11.822  10.705  12.422  15.926  18.373  21.996  25.067  29.639  35.882  45.593  48.072  48.891  56.662  63.047  81.597 100.000 100.000 100.000 100.000 100.000
    -2.90   -1.84   -1.21   -0.40    0.07    0.11    0.15    0.22    0.16   -0.05    0.01    0.09    0.16   -0.08   -0.24   -0.34    0.00    0.00    0.00    0.00    0.00
    1.900   1.752   1.659   1.489   1.167   1.259   1.341   1.630   1.636   1.522   1.598   1.700   1.829   1.738   2.106   2.798   2.900   2.900   2.900   2.900   2.900
    -1.46   -0.74   -0.36   -1.27   -2.35   -0.30    3.44    8.56   15.82   15.15   23.11   28.73   39.76   63.34   84.67   86.87  100.00  100.00  100.00  100.00  100.00
   11.068  11.029  11.258  11.429  15.249  18.499  22.560  23.518  24.375  28.355  32.881  38.092  44.081  49.462  50.843  63.568 100.000 100.000 100.000 100.000 100.000
    -1.07    0.14   -0.24   -0.40   -0.06    0.31    0.40    0.78    0.38    0.30    0.38    0.54    0.97    0.56    1.24   -0.22    0.02    0.04    0.00    0.00    0.00
    2.273   1.770   1.376   1.054   1.099   1.172   1.345   1.468   1.100   0.882   0.816   0.901   0.969   1.192   1.573   2.122   2.858   2.858   2.900   2.900   2.900
    -1.52   -1.74    0.89    4.61   11.58   16.06   21.01   26.53   35.76   46.14   54.79   56.40   60.26   71.66   86.74  121.45  100.00  100.00  100.00  100.00  100.00
   17.672  12.354  10.382  10.455  14.910  18.231  23.433  26.267  28.601  32.692  38.121  42.231  46.651  54.415  62.796  74.628 100.000 100.000 100.000 100.000 100.000
    -0.68    0.49    0.39    0.27    0.46    0.40    0.33    0.66    0.92    0.97    0.30    0.01    0.21    0.50    1.48    0.41    0.10    0.06    0.00    0.00    0.00
    2.055   2.137   1.803   1.291   1.099   1.217   1.415   1.639   1.653   1.429   1.326   1.475   1.494   1.656   2.059   2.379   2.809   2.837   2.900   2.900   2.900
     2.96   -0.15    0.01    2.51   10.17   14.35   17.18   19.18   23.72   35.35   52.55   61.47   59.48   52.99   54.29   50.96   93.00  100.82   97.57  100.00  100.00
   14.331   9.992   9.397  10.386  14.331  18.091  23.163  27.297  33.330  42.060  53.475  56.448  55.073  59.065  66.230  62.950  68.750  85.303  97.771 100.000 100.000
    -1.92   -0.87   -0.63   -0.16    0.52    0.35    0.06    0.34    0.95    1.32    0.63   -1.05   -0.86   -0.18    0.37   -0.22    1.12    0.30   -0.03    0.00    0.00
    2.027   1.779   1.643   1.534   1.224   1.173   1.397   1.488   1.724   1.590   1.773   2.099   2.246   2.072   2.239   2.868   1.940   2.422   2.837   2.900   2.900
     1.25    0.75    2.36    5.72    5.98    8.70    9.06    7.03    4.74    1.67    8.24   24.75   25.81   21.84   27.06   46.53   96.60  100.30  100.00  100.00  100.00
    9.510   8.920   9.174  10.723  15.975  19.768  24.142  27.487  32.116  38.296  46.576  46.207  47.786  58.529  64.030  63.199  86.591  99.251 100.000 100.000 100.000
    -3.59   -2.21   -1.59   -0.72   -0.17    0.25   -0.32   -0.17   -0.23   -0.06    0.30    0.39   -0.93   -0.20    0.59   -0.15    0.25    0.04    0.00    0.00    0.00
    1.426   1.326   1.186   1.323   1.134   1.114   1.086   1.105   1.179   1.531   1.978   2.485   2.471   2.777   2.893   2.540   2.485   2.802   2.900   2.900   2.900
     3.54   -0.47    2.59    4.17    7.19    8.42    8.88    8.35    7.80    9.77   19.85   23.81   24.72   19.85   16.07   48.83  100.00  100.00  100.00  100.00  100.00
    9.070  11.401   9.045   7.581   9.721  10.445  12.144  12.856  13.800  15.037  18.598  18.562  19.359  25.057  29.990  78.780 100.000 100.000 100.000 100.000 100.000
    -2.78   -1.34   -0.73   -0.19    0.05    0.06   -0.16   -0.24   -0.12    0.37    0.53   -0.39   -0.40   -0.90   -0.57   -0.02    0.00    0.00    0.00    0.00    0.00
    2.007   1.774   1.705   1.475   1.036   1.000   1.117   1.237   1.355   1.369   1.525   1.445   1.197   1.225   1.400   2.732   2.900   2.900   2.900   2.900   2.900
    -0.51   -1.10   -0.27    1.15    4.45    7.87   12.15   15.12   18.34   20.40   27.86   32.27   38.22   47.27   49.25   51.00  100.00  100.00  100.00  100.00  100.00
   12.217   9.617   8.670  10.090  13.242  15.368  18.287  20.754  24.838  30.412  38.904  40.953  41.174  50.256  63.725  86.000 100.000 100.000 100.000 100.000 100.000
    -2.48   -1.50   -1.11   -0.37    0.16    0.26    0.43    0.48    0.14    0.00    0.18    0.14   -0.10   -0.16    0.11    0.00    0.00    0.00    0.00    0.00    0.00
    1.728   1.411   1.350   1.263   0.954   1.020   1.100   1.355   1.361   1.277   1.369   1.444   1.529   1.540   2.123   2.900   2.900   2.900   2.900   2.900   2.900
    -1.63   -2.05   -1.02    1.46    5.05    7.65   16.38   26.22   43.07   53.57   54.44   52.63   52.26   44.59   37.74   57.99  100.00  100.00  100.00  100.00  100.00
   11.850   9.573   8.882  10.121  12.573  14.441  17.085  18.357  19.405  22.521  27.964  32.283  34.904  40.421  45.049  77.606 100.000 100.000 100.000 100.000 100.000
    -2.85   -0.38   -0.51    0.01    0.15    0.50    1.32    2.19    1.80    0.10   -0.49   -0.53   -0.68   -1.21   -0.38    0.23    0.00    0.00    0.00    0.00    0.00
    1.861   1.442   1.246   1.127   0.955   0.953   0.973   1.169   1.161   1.064   1.099   1.290   1.349   1.388   1.767   2.642   2.900   2.900   2.900   2.900   2.900
    -1.58   -2.11   -1.53   -1.18   -0.03   -0.03   -0.26    1.27    4.22    4.17    3.55    0.30   -1.54    0.82   10.83   40.80   64.65   87.27   99.51  100.00  100.00
   12.433   9.667   8.418   8.977  11.855  14.423  16.065  15.836  16.402  17.726  21.110  24.132  27.690  35.083  37.743  33.886  49.028  76.183  99.003 100.000 100.000
    -1.36   -0.24   -0.20   -0.11   -0.10    0.00   -0.23    0.03   -0.12   -0.12   -0.23   -0.49   -0.10    0.04    0.89    0.55    0.14    0.28    0.03    0.00    0.00
    2.230   2.128   1.592   1.103   0.959   0.976   1.208   1.326   1.233   1.007   0.956   1.001   1.036   1.204   1.341   1.594   1.644   2.229   2.872   2.900   2.900
    -3.78   -3.69   -2.33   -0.42    3.19    5.38    8.25   11.48   16.09   19.52   22.14   15.99   11.82   12.86   15.86   36.13   49.61   83.67   98.59  100.00  100.00
   11.796  10.200   9.583   9.696  12.003  14.627  18.261  20.862  24.038  28.487  32.406  31.577  35.012  45.059  56.833  64.719  72.304  76.042  98.015 100.000 100.000
    -1.11   -0.29   -0.12    0.07    0.18    0.24    0.14    0.31    0.26    0.36    0.00   -0.47   -0.22   -0.09    0.79    0.58   -0.42    0.19    0.01    0.00    0.00
    1.764   1.566   1.330   1.122   1.109   1.114   1.351   1.400   1.554   1.249   1.397   1.457   1.584   1.669   1.927   2.186   2.232   2.210   2.844   2.900   2.900
     0.29   -0.28    0.81    3.98    4.10    4.25    3.87    3.46    3.48    3.86   12.86   14.22   13.81   15.27   19.33   48.20   99.69  100.00  100.00  100.00  100.00
   10.643  10.264  10.212  10.463  12.218  12.940  14.389  16.075  18.487  19.234  17.551  20.485  20.440  26.041  31.069  34.987  99.500 100.000 100.000 100.000 100.000
    -2.86   -1.56   -0.85   -0.38   -0.16   -0.04   -0.09   -0.04   -0.08    0.31    0.02   -0.63   -0.22   -0.21    0.43    1.02    0.16    0.01    0.00    0.00    0.00
    1.456   1.320   1.202   1.101   0.865   0.886   0.893   0.936   0.911   0.997   1.315   1.483   1.416   1.342   1.344   1.633   2.725   2.893   2.900   2.900   2.900
     2.98    3.29    4.43    8.72    9.97   10.69    8.47    6.44    5.84    3.58   14.53   22.15   28.58   26.09   32.37   57.22   91.67   99.10  100.00  100.00  100.00
    7.931   7.696   7.168   8.658  10.756  12.826  14.803  16.217  19.218  22.957  28.022  32.044  36.412  44.712  55.214  56.486  79.222  92.293 100.000 100.000 100.000
    -2.84   -2.01   -1.33   -0.46   -0.27   -0.15   -0.35   -0.11   -0.20    0.13    0.24    0.06   -0.26   -0.26    0.81   -0.36   -0.34   -0.06    0.00   -0.10    0.00
    1.630   1.329   1.076   1.060   0.940   0.943   0.876   0.956   1.004   1.243   1.622   1.912   1.769   2.147   2.405   2.109   2.362   2.664   2.900   2.886   2.900
     3.31    1.22    2.62    3.47    4.80    6.27    8.49    8.67    8.73    9.38   18.07   22.41   22.02   11.28    0.77   48.31  100.00  100.00  100.00  100.00  100.00
    9.117   8.472   7.995   9.115  10.933  12.128  14.296  15.388  16.432  16.482  17.970  18.369  20.224  24.370  31.524  61.553 100.000 100.000 100.000 100.000 100.000
    -2.23   -1.36   -0.97   -0.44   -0.05    0.25    0.07   -0.15   -0.32    0.32    0.42   -0.40   -0.45   -1.51   -0.61   -0.32    0.00    0.00    0.00    0.00    0.00
    1.543   1.615   1.458   1.185   0.957   1.031   0.999   1.228   1.446   1.408   1.427   1.286   1.106   1.402   1.504   2.277   2.900   2.900   2.900   2.900   2.900
    -3.45   -3.27   -2.46   -1.00    1.91    4.28    7.49   10.97   15.93   19.61   26.23   26.66   28.03   30.78   35.89   44.22  100.00  100.00  100.00  100.00  100.00
    9.983   8.664   8.827   9.516  12.608  14.617  16.680  16.523  16.763  17.389  18.891  20.692  23.845  29.237  35.930  68.327 100.000 100.000 100.000 100.000 100.000
    -1.22   -0.71   -0.30   -0.12    0.08    0.37    0.37    0.40    0.21    0.36    0.12   -0.21   -0.07   -0.55   -0.07   -0.30   -0.08    0.01    0.00    0.00    0.00
    1.383   1.398   1.483   1.323   1.100   1.072   1.197   1.624   1.678   1.254   1.415   1.296   1.199   1.378   1.756   2.446   2.865   2.886   2.900   2.900   2.900
    -0.53   -2.05   -1.56    0.35    3.46    6.10    9.59   12.45   16.87   20.56   25.47   26.72   31.09   40.85   44.81   51.00  100.00  100.00  100.00  100.00  100.00
   13.128  10.324   9.308  10.827  14.203  16.532  19.615  22.263  26.512  32.460  41.420  43.383  43.725  51.535  63.566  86.000 100.000 100.000 100.000 100.000 100.000
    -2.90   -1.70   -1.13   -0.43    0.06    0.12    0.33    0.55    0.38    0.03   -0.22   -0.17   -0.14   -0.21   -0.09    0.00    0.00    0.00    0.00    0.00    0.00
    1.900   1.525   1.432   1.358   1.008   1.100   1.186   1.440   1.440   1.363   1.448   1.536   1.625   1.572   2.119   2.900   2.900   2.900   2.900   2.900   2.900
